  0
-999
-17
-999
-34
-999
-52
-998
-69
-997
-87
-996
-104
-994
-121
-992
-139
-990
-156
-987
-173
-984
-190
-981
-207
-978
-224
-974
-241
-970
-258
-965
-275
-961
-292
-956
-309
-951
-325
-945
-342
-939
-358
-933
-374
-927
-390
-920
-406
-913
-422
-906
-438
-898
-453
-891
-469
-882
-484
-874
-500
-866
-515
-857
-529
-848
-544
-838
-559
-829
-573
-819
-587
-809
-601
-798
-615
-788
-629
-777
-642
-766
-656
-754
-669
-743
-681
-731
-694
-719
-707
-707
-719
-694
-731
-681
-743
-669
-754
-656
-766
-642
-777
-629
-788
-615
-798
-601
-809
-587
-819
-573
-829
-559
-838
-544
-848
-529
-857
-515
-866
-499
-874
-484
-882
-469
-891
-453
-898
-438
-906
-422
-913
-406
-920
-390
-927
-374
-933
-358
-939
-342
-945
-325
-951
-309
-956
-292
-961
-275
-965
-258
-970
-241
-974
-224
-978
-207
-981
-190
-984
-173
-987
-156
-990
-139
-992
-121
-994
-104
-996
-87
-997
-69
-998
-52
-999
-34
-999
-17
-999
0
-999
17
-999
34
-998
52
-997
69
-996
87
-994
104
-992
121
-990
139
-987
156
-984
173
-981
190
-978
207
-974
224
-970
241
-965
258
-961
275
-956
292
-951
309
-945
325
-939
342
-933
358
-927
374
-920
390
-913
406
-906
422
-898
438
-891
453
-882
469
-874
484
-866
500
-857
515
-848
529
-838
544
-829
559
-819
573
-809
587
-798
601
-788
615
-777
629
-766
642
-754
656
-743
669
-731
681
-719
694
-707
707
-694
719
-681
731
-669
743
-656
754
-642
766
-629
777
-615
788
-601
798
-587
809
-573
819
-559
829
-544
838
-529
848
-515
857
-499
866
-484
874
-469
882
-453
891
-438
898
-422
906
-406
913
-390
920
-374
927
-358
933
-342
939
-325
945
-309
951
-292
956
-275
961
-258
965
-241
970
-224
974
-207
978
-190
981
-173
984
-156
987
-139
990
-121
992
-104
994
-87
996
-69
997
-52
998
-34
999
-17
999
  0
1000
 17
999
 34
999
 52
998
 69
997
 87
996
104
994
121
992
139
990
156
987
173
984
190
981
207
978
224
974
241
970
258
965
275
961
292
956
309
951
325
945
342
939
358
933
374
927
390
920
406
913
422
906
438
898
453
891
469
882
484
874
499
866
515
857
529
848
544
838
559
829
573
819
587
809
601
798
615
788
629
777
642
766
656
754
669
743
681
731
694
719
707
707
719
694
731
681
743
669
754
656
766
642
777
629
788
615
798
601
809
587
819
573
829
559
838
544
848
529
857
515
866
500
874
484
882
469
891
453
898
438
906
422
913
406
920
390
927
374
933
358
939
342
945
325
951
309
956
292
961
275
965
258
970
241
974
224
978
207
981
190
984
173
987
156
990
139
992
121
994
104
996
87
997
69
998
52
999
34
999
17
999
0
999
-17
999
-34
998
-52
997
-69
996
-87
994
-104
992
-121
990
-139
987
-156
984
-173
981
-190
978
-207
974
-224
970
-241
965
-258
961
-275
956
-292
951
-309
945
-325
939
-342
933
-358
927
-374
920
-390
913
-406
906
-422
898
-438
891
-453
882
-469
874
-484
866
-499
857
-515
848
-529
838
-544
829
-559
819
-573
809
-587
798
-601
788
-615
777
-629
766
-642
754
-656
743
-669
731
-681
719
-694
707
-707
694
-719
681
-731
669
-743
656
-754
642
-766
629
-777
615
-788
601
-798
587
-809
573
-819
559
-829
544
-838
529
-848
515
-857
500
-866
484
-874
469
-882
453
-891
438
-898
422
-906
406
-913
390
-920
374
-927
358
-933
342
-939
325
-945
309
-951
292
-956
275
-961
258
-965
241
-970
224
-974
207
-978
190
-981
173
-984
156
-987
139
-990
121
-992
104
-994
 87
-996
 69
-997
 52
-998
 34
-999
 17
-999
  0
-999
